$ label msd 1
100 0.07912682047253898
200 0.1381933422578467
300 0.18753888778565522
400 0.2407263155510719
500 0.28900754936729467
600 0.34618486561799683
700 0.3873221485670025
800 0.43281051280786875
900 0.4846854239525786
1000 0.5339703773717202
1100 0.5838610907898686
1200 0.6408318156351821
1300 0.706644198312185
1400 0.7523270282199883
1500 0.8040614509115692
1600 0.8737226165958691
1700 0.9408887398835046
1800 0.9824685557325661
1900 1.050866743013326
2000 1.1137457007398115
2100 1.1677408611921662
2200 1.2296271274061878
2300 1.2794208088119705
2400 1.3379035040205585
2500 1.3899064980486358
2600 1.4489970838903345
2700 1.514787848661112
2800 1.5689061423616741
2900 1.6405656611917163
3000 1.7028439247735951
3100 1.776658077318534
3200 1.8298673241940384
3300 1.8781848595952573
3400 1.9304770103612712
3500 1.9779527393461804
3600 2.026747184569831
3700 2.0949542957265264
3800 2.1605743092765826
3900 2.2160237229060273
4000 2.278848547167478
4100 2.3261360672143274
4200 2.370334563119732
4300 2.4364884877712343
4400 2.4727372671875263
4500 2.5192701558026824
4600 2.561450112824251
4700 2.6252796840909727
4800 2.68302046325836
4900 2.743607012899541
5000 2.8051068921891473
5100 2.874983774980165
5200 2.9395409404820287
5300 2.9869557895531944
5400 3.037776101687508
5500 3.091241083328396
5600 3.163792681953159
5700 3.2334295056595015
5800 3.2823486721917066
5900 3.3056962077939205
6000 3.375057492995516
6100 3.4197351848788187
6200 3.482262979980895
6300 3.541091453399951
6400 3.6005410455471396
6500 3.641150324597301
6600 3.7059357630491427
6700 3.752674309172342
6800 3.7851126183148676
6900 3.8443421654768786
7000 3.9085141955499334
7100 3.965868457233985
7200 4.018677970877918
7300 4.072222977845819
7400 4.143079785682094
7500 4.182872393278442
7600 4.211242351146214
7700 4.278546000740967
7800 4.328320643621726
7900 4.42885666956488
8000 4.477457172760569
8100 4.538075244606579
8200 4.565728521428352
8300 4.656044038794255
8400 4.690733010980478
8500 4.743515053720749
8600 4.761223837282416
8700 4.833300815324724
8800 4.873676557928775
8900 4.930024907590229
9000 4.981623617060328
9100 5.0766818643113405
9200 5.1142733679164705
9300 5.160772864751762
9400 5.216042304360144
9500 5.267338033835868
9600 5.348868881744077
9700 5.403765793708292
9800 5.455816249780574
9900 5.462344448458851
10000 5.52604476311898
10100 5.630184329312338
10200 5.663111578265519
10300 5.72997373657542
10400 5.7862664602028175
10500 5.860084200287793
10600 5.921853493962693
10700 5.970110731829615
10800 6.046817034902211
10900 6.140645606555406
11000 6.1859181928589395
11100 6.253840330766119
11200 6.229474909277473
11300 6.3087196060243595
11400 6.351989391990588
11500 6.446070141339888
11600 6.481435114534544
11700 6.514327118365092
11800 6.549623274233133
11900 6.59427364592112
12000 6.644115463726517
12100 6.694463376901628
12200 6.715629538467941
12300 6.783664768097207
12400 6.7946387446926675
12500 6.8595547553061955
12600 6.874229883703407
12700 6.900173154238092
12800 6.982688076069986
12900 7.029568675069611
13000 7.0921173550419585
13100 7.16495528918435
13200 7.233292228788602
13300 7.2540022573792555
13400 7.310533276433461
13500 7.384765816164556
13600 7.431273095671089
13700 7.452327816221169
13800 7.528624810901029
13900 7.611619494912046
14000 7.679348741871165
14100 7.760793464560331
14200 7.81220286299636
14300 7.8807946349079065
14400 7.959521180295711
14500 7.96299919275504
14600 8.019177014162558
14700 8.086528202140318
14800 8.165082866563985
14900 8.248796614808551
15000 8.31788022392233
15100 8.351291207650238
15200 8.395788101023602
15300 8.455090783122033
15400 8.499495467223218
15500 8.640561158562308
15600 8.687715132803197
15700 8.773078058117207
15800 8.857557810315557
15900 8.913524716193965
16000 8.940613233512623
16100 8.957547938657271
16200 9.016078098862243
16300 9.059324125458005
16400 9.107460111125743
16500 9.17841849810956
16600 9.259201997685603
16700 9.32572829013156
16800 9.361869506675927
16900 9.384041985483842
17000 9.424695628779363
17100 9.479494021932144
17200 9.533304576351052
17300 9.568890349466859
17400 9.618297667171438
17500 9.6372596553628
17600 9.696304492322808
17700 9.76078189423861
17800 9.771836653797964
17900 9.82917841245326
18000 9.905219015132234
18100 9.936166753602333
18200 9.967293266194146
18300 10.025166844596576
18400 10.08603520414361
18500 10.170761769223564
18600 10.205393512435377
18700 10.263714339660412
18800 10.316484467549614
18900 10.325743951674106
19000 10.383604557568889
19100 10.445667238447735
19200 10.467539076282446
19300 10.589025100525575
19400 10.709173671848749
19500 10.772272662301825
19600 10.749218830414097
19700 10.8129979404992
19800 10.849622894377944
19900 10.892574311764552
20000 10.978634237554756
20100 11.022772363179664
20200 11.055799052350984
20300 11.129702582210887
20400 11.229717439547775
20500 11.223327280936518
20600 11.31882762454199
20700 11.463249650447562
20800 11.492132591105978
20900 11.600333207866946
21000 11.689376553234082
21100 11.71183623356224
21200 11.789044286799198
21300 11.826925562966004
21400 11.928584980828974
21500 11.966229289873661
21600 11.991558896449504
21700 12.03521768040813
21800 12.121575439550428
21900 12.159951280956202
22000 12.212808784232358
22100 12.336483001667554
22200 12.41229269104597
22300 12.450141462997953
22400 12.465254364489631
22500 12.530587329486115
22600 12.624162241765847
22700 12.631827391152193
22800 12.673333405452846
22900 12.65454946144467
23000 12.721202852450794
23100 12.74189843343445
23200 12.769512755054048
23300 12.826477379072376
23400 12.91152548338567
23500 12.9921119387653
23600 13.06655320980155
23700 13.139470818570544
23800 13.131783092607925
23900 13.22999581692324
24000 13.281499134948762
24100 13.336964259113874
24200 13.405518896805638
24300 13.427206742323923
24400 13.45716582928044
24500 13.526642950471802
24600 13.54911891721712
24700 13.658425411929233
24800 13.736592229253823
24900 13.812276980399414
25000 13.838406323583579
25100 13.872272736641891
25200 13.946844709521686
25300 13.954024624437709
25400 14.018746190466063
25500 14.119045866301871
25600 14.156702845540407
25700 14.21393143507483
25800 14.297298920072082
25900 14.361587199083178
26000 14.436816110367635
26100 14.464351027502452
26200 14.516813296440395
26300 14.594921505020606
26400 14.64262916537043
26500 14.724787100987498
26600 14.759469802076799
26700 14.792144010231489
26800 14.851704211190993
26900 14.928824267203803
27000 14.936850696934362
27100 15.000904691756677
27200 15.05222892827972
27300 15.104612222317652
27400 15.14494962934992
27500 15.18932924582726
27600 15.201444700825354
27700 15.273969047344037
27800 15.300338238019426
27900 15.333385321176053
28000 15.383850109170707
28100 15.445911909363991
28200 15.458311200244685
28300 15.500412528142265
28400 15.612773718800643
28500 15.683290942400127
28600 15.715769603465601
28700 15.771321421048937
28800 15.86226206691118
28900 15.927484814092859
29000 15.948927917860313
29100 16.05612936128527
29200 16.116504247738206
29300 16.238638313350982
29400 16.291079312114476
29500 16.33850016666069
29600 16.3431357990001
29700 16.401124083598898
29800 16.421911168777235
29900 16.486989376682658
30000 16.451469987389174
30100 16.52944311070666
30200 16.627191389085112
30300 16.709041589741226
30400 16.81024988260613
30500 16.848806907186454
30600 16.906656024626873
30700 16.957797765032943
30800 16.989423087082542
30900 17.05727491052208
31000 17.134497747038196
31100 17.224951807750084
31200 17.282191804172786
31300 17.329568321391914
31400 17.36783668214052
31500 17.457829414349103
31600 17.54464114512119
31700 17.623726885784745
31800 17.672617630625407
31900 17.81107796435714
32000 17.87402103414679
32100 17.92240265399115
32200 17.951731947490885
32300 18.06460976202132
32400 18.07794261340079
32500 18.16687496801259
32600 18.205585505953053
32700 18.303017330747394
32800 18.331470220198927
32900 18.53076716918512
33000 18.60103306042463
33100 18.64704380759972
33200 18.724095024511062
33300 18.823505537192673
33400 18.84981947278552
33500 18.886031362967458
33600 18.914905904756257
33700 18.939339347909293
33800 18.93817224519867
33900 18.951980509565043
34000 19.02418875933178
34100 19.09760869183394
34200 19.192621171136313
34300 19.24750155282243
34400 19.29119330238358
34500 19.32948178087108
34600 19.40872781934243
34700 19.385450503733416
34800 19.389354373452303
34900 19.478341629459447
35000 19.603646376662923
35100 19.740860840642295
35200 19.77998900684582
35300 19.79933262790909
35400 19.819069951753214
35500 19.82096618236112
35600 19.862381499070462
35700 19.968872039693945
35800 20.07803675117199
35900 20.110363904856783
36000 20.229179381480883
36100 20.283470863078392
36200 20.34762418501447
36300 20.37526865120063
36400 20.387994177559346
36500 20.486854435026075
36600 20.584213724188864
36700 20.564764304701807
36800 20.66032430976986
36900 20.765445540774884
37000 20.84143268974355
37100 20.938279377348277
37200 20.981302626862284
37300 21.01587908527285
37400 21.064603709408033
37500 21.116071073077084
37600 21.177788684887624
37700 21.235527300347265
37800 21.33282878928192
37900 21.343537339153162
38000 21.462744642646673
38100 21.54807226585251
38200 21.702266468405586
38300 21.748327846717014
38400 21.810924213242345
38500 21.841966932880666
38600 21.884870823669377
38700 21.89540801944152
38800 21.91318569186222
38900 21.99932941104329
39000 22.01400411365087
39100 22.00404220855935
39200 22.041970582054407
39300 22.147184194398548
39400 22.179414651192886
39500 22.23664782978465
39600 22.329671570522702
39700 22.352598349484815
39800 22.48689982383301
39900 22.56131950961372
40000 22.64543622377209
40100 22.666472312279332
40200 22.679433632982963
40300 22.772020967471438
40400 22.79117031482871
40500 22.798661911109154
40600 22.96559407393935
40700 23.031993806071288
40800 23.109635702528713
40900 23.189761202159954
41000 23.25051494241547
41100 23.253440831539017
41200 23.29219998678128
41300 23.36266284156097
41400 23.454627899727818
41500 23.567715883315984
41600 23.62158575745376
41700 23.684524567703455
41800 23.649954419001126
41900 23.775537533688052
42000 23.878663544016565
42100 24.037685817380684
42200 24.06135113838512
42300 24.0891707367462
42400 24.171207207026313
42500 24.262758373408975
42600 24.33345804100413
42700 24.39334778558142
42800 24.437583225847188
42900 24.455417228627738
43000 24.566251318062708
43100 24.636449162565064
43200 24.627903738225484
43300 24.667918184966496
43400 24.780405021227242
43500 24.814054467379524
43600 24.87934487100654
43700 25.0485043875412
43800 25.022681452713304
43900 25.06883832618524
44000 25.13476474994846
44100 25.222814536656102
44200 25.297185529838544
44300 25.390483143120086
44400 25.361728971137907
44500 25.35813834076301
44600 25.461005095180617
44700 25.508472196012875
44800 25.55171141002597
44900 25.54335317491245
45000 25.637233296801178
45100 25.672661161566683
45200 25.80402313775405
45300 25.822910892558124
45400 25.914485927258255
45500 26.010430715952946
45600 25.993678643252927
45700 26.05041498804362
45800 26.088887573550522
45900 26.155547767140305
46000 26.2465902371987
46100 26.246676435353965
46200 26.30725540897848
46300 26.330201737325073
46400 26.298467499132972
46500 26.360112120487738
46600 26.397168874943358
46700 26.49292516853816
46800 26.533834159320477
46900 26.631073362229518
47000 26.66031454495404
47100 26.654827905509954
47200 26.656974501519347
47300 26.778150045254485
47400 26.93940928308054
47500 26.961746092207594
47600 26.99540616104495
47700 27.025247914361522
47800 27.110385078942617
47900 27.129626745376324
48000 27.070579320454016
48100 27.17375245077411
48200 27.24621520847648
48300 27.28010931195868
48400 27.3863121174432
48500 27.437185704145417
48600 27.524061588583475
48700 27.565981047355013
48800 27.57434053473695
48900 27.661750015961836
49000 27.713496997605606
49100 27.709657750650067
49200 27.840192505411125
49300 27.924559629265
49400 27.975014516998986
49500 28.03837741919992
49600 28.070032833863245
49700 28.127522189523138
49800 28.308480911063427
49900 28.379772763674115
50000 28.377806125129727
50100 28.46304393254431
50200 28.445260191481168
50300 28.47099906446906
50400 28.473943731654728
50500 28.552186943299567
50600 28.60139810933077
50700 28.726762483294753
50800 28.812468288070303
50900 28.85750901731667
51000 28.84264473529664
51100 28.951859189644942
51200 29.00574138851734
51300 29.120247208752406
51400 29.151379737315587
51500 29.17351301844858
51600 29.230367173274704
51700 29.268943966172685
51800 29.339520764139394
51900 29.34800927686704
52000 29.310243716575215
52100 29.425945223248874
52200 29.515579043358322
52300 29.575479408563822
52400 29.58913940409359
52500 29.712934890021007
52600 29.829221024066005
52700 29.899189574474708
52800 29.95945185831221
52900 29.966156161354757
53000 29.97404071872116
53100 30.021310202248056
53200 30.05228639607865
53300 30.12850563807557
53400 30.164505295990075
53500 30.166004688848037
53600 30.249215005607127
53700 30.34851031618884
53800 30.327077465295226
53900 30.342771427141443
54000 30.434451502864064
54100 30.516303512876718
54200 30.532866540056
54300 30.673346102454683
54400 30.700326000146436
54500 30.776360599857558
54600 30.800321998586647
54700 30.872691151598953
54800 30.91990409759403
54900 30.973717386561617
55000 31.0568071412708
55100 31.0880280761171
55200 31.08575579711012
55300 31.127119663798123
55400 31.114158924927228
55500 31.149723692130912
55600 31.250308039056346
55700 31.382938673695598
55800 31.475423061555873
55900 31.503556543935385
56000 31.679110881061778
56100 31.673325658421703
56200 31.63730747931099
56300 31.693271726905397
56400 31.675205961689798
56500 31.795148193488878
56600 31.837150267211825
56700 31.86051782199073
56800 31.931356058349294
56900 32.017641826035245
57000 32.14960265626255
57100 32.19173190134147
57200 32.22093428057061
57300 32.26678004789036
57400 32.40918415334068
57500 32.52942392252767
57600 32.61276009631606
57700 32.68758859330494
57800 32.730068528227434
57900 32.76167526205319
58000 32.81678345146686
58100 32.99241211002233
58200 33.00759229184
58300 33.099335436751
58400 33.12123754122495
58500 33.20419476529713
58600 33.28258156415195
58700 33.299958811145046
58800 33.3866944330582
58900 33.42303313404274
59000 33.48124798517016
59100 33.489359404909536
59200 33.50505398424823
59300 33.58554954819841
59400 33.6651769871871
59500 33.72327355779125
59600 33.819373071756516
59700 33.91043911781574
59800 33.946050454391184
59900 34.09033760487634
60000 34.139526448286816
60100 34.152887494729164
60200 34.171265649651126
60300 34.21917444034982
60400 34.277452326928014
60500 34.315874049359735
60600 34.34095450625418
60700 34.42721905419735
60800 34.447521929753336
60900 34.42215803463377
61000 34.538624822227355
61100 34.57612704728286
61200 34.56574426069216
61300 34.62785953586395
61400 34.647099089101154
61500 34.69022621849032
61600 34.75663730164647
61700 34.79085399695185
61800 34.843441555936984
61900 34.830626504269134
62000 34.917347278296624
62100 34.97889182939609
62200 34.97214600528051
62300 35.03962337583033
62400 35.111852670271325
62500 35.12572944754598
62600 35.163179889530134
62700 35.24641455981882
62800 35.34220383729586
62900 35.43486460953826
63000 35.50540644204852
63100 35.49555252244757
63200 35.6504759444449
63300 35.712344376060486
63400 35.746551198289886
63500 35.732560174579866
63600 35.761235664245994
63700 35.87883358775769
63800 36.02952515585182
63900 36.0550946713085
64000 36.098470841643
64100 36.201770273529256
64200 36.254331622875114
64300 36.260100953524336
64400 36.37154993200714
64500 36.47629883493322
64600 36.51892002961689
64700 36.58732894366047
64800 36.672144718215506
64900 36.80708504442088
65000 36.83295689265089
65100 36.94213087381724
65200 36.999640274289625
65300 37.06819697784872
65400 37.08379354346222
65500 37.17688394607399
65600 37.340384441277024
65700 37.46634768864543
65800 37.47517212243443
65900 37.50214751346258
66000 37.54040920494151
66100 37.60157339636008
66200 37.644858590441345
66300 37.70443463506516
66400 37.82480751952359
66500 37.93142288906909
66600 38.06603226267257
66700 38.1925589815463
66800 38.223268553941644
66900 38.40330756572995
67000 38.433649013260805
67100 38.48828509477647
67200 38.45167034538304
67300 38.510635185149845
67400 38.50161485779154
67500 38.522599955457764
67600 38.67024106200098
67700 38.695526278205854
67800 38.688828462135156
67900 38.651792281456814
68000 38.66278284420293
68100 38.68716357161213
68200 38.82870209597933
68300 38.905239481872464
68400 38.852372060880306
68500 38.893318267808944
68600 38.80874847913839
68700 38.9389988848895
68800 38.96158395325282
68900 38.90477505082866
69000 38.97913224128121
69100 39.00902740042367
69200 38.88012618793944
69300 38.93417502797712
69400 39.01210576687632
69500 39.00360931102
69600 38.97196944488896
69700 38.99420677038062
69800 38.97664760453698
69900 38.93921900099806
70000 38.91125825864382
70100 38.98469403316694
70200 39.09900863104194
70300 39.16587858251505
70400 39.34784332679137
70500 39.42615759057727
70600 39.579782797119655
70700 39.65582522118321
70800 39.801363369766015
70900 39.92583183004972
71000 39.99421002076508
71100 40.15683604219616
71200 40.271687563799
71300 40.28130664714453
71400 40.234995283692214
71500 40.31137827416639
71600 40.34138947845412
71700 40.42672123855221
71800 40.42343621306366
71900 40.45819920153281
72000 40.48471320947382
72100 40.57747980802043
72200 40.64156629352404
72300 40.66769275426146
72400 40.70867873028216
72500 40.75622099588125
72600 40.760251984562345
72700 40.8941132807429
72800 40.93313736327022
72900 41.0590474641823
73000 41.04938021512814
73100 41.12503155161059
73200 41.08274873017589
73300 41.1531702228833
73400 41.25682846411008
73500 41.22963357662834
73600 41.27146067969066
73700 41.34976739956695
73800 41.3464450922134
73900 41.50916682409872
74000 41.59477932970041
74100 41.59973978197465
74200 41.5782885256354
74300 41.71590360411642
74400 41.756737359236055
74500 41.78000083800807
74600 41.895751569894216
74700 41.929542841104215
74800 42.00209428340298
74900 42.108520405765894
75000 42.10894158990426
75100 42.17000668915735
75200 42.221462761455456
75300 42.21244945188824
75400 42.229447079898506
75500 42.23307335308313
75600 42.30109275453846
75700 42.3171026595797
75800 42.41060504243392
75900 42.41179405246432
76000 42.55388887226232
76100 42.67608634387149
76200 42.884707795749804
76300 42.85945235147513
76400 42.831988608457394
76500 42.755490197776254
76600 42.895020638189386
76700 42.84440749162181
76800 43.00231634714845
76900 43.076041426739174
77000 43.178565491067445
77100 43.32974227689188
77200 43.33144302865827
77300 43.3735932509151
77400 43.334436630264115
77500 43.45668160541307
77600 43.56895601836573
77700 43.5162055473154
77800 43.56624030152964
77900 43.618242385066985
78000 43.69678250342808
78100 43.68676924290639
78200 43.797630522493876
78300 43.73756087581396
78400 43.86132280531078
78500 43.929849960433714
78600 43.95976086850003
78700 43.9889618525296
78800 44.115771661277456
78900 44.19236842218637
79000 44.23870320282575
79100 44.36330999225787
79200 44.397599507318894
79300 44.43575503872944
79400 44.54885108066627
79500 44.62827603533084
79600 44.69542436013365
79700 44.60119254251408
79800 44.64091983175858
79900 44.65140297266105
80000 44.81621752675577
